20141128,5
20141128,5
20141127,5
20141126,7
20141125,7
20141124,5
20141123,3
20141122,2
20141121,17
20141120,7
20141119,8
20141118,8
20141117,8
20141116,1
20141115,0
20141114,0
20141113,9
20141112,5
20141111,7
20141110,9
20141109,3
20141108,3
20141107,16
20141106,9
20141105,13
20141104,18
20141103,6
20141102,6
20141101,6
20141031,17
20141030,28
20141029,41
20141028,29
20141027,6
20141026,4
20141025,4
20141024,8
20141023,11
20141022,8
20141021,3
20141020,40
20141019,17
20141018,5
20141017,5
20141016,13
20141015,14
20141014,18
20141013,26
20141012,15
20141011,13
20141010,11
20141009,13
20141008,10
20141007,7
20141006,9
20141005,14
20141004,8
20141003,9
20141002,6
20141001,7
20140930,24
20140929,37
20140928,46
20140927,11
20140926,21
20140925,15
20140924,23
20140923,41
20140922,59
20140921,30
20140920,32
20140919,54
20140918,89
20140917,120
20140916,214
20140915,116
20140914,210
20140913,79
20140912,79
20140911,55
20140910,31
20140909,23
20140908,19
20140907,9
20140906,10
20140905,54
20140904,29
20140903,35
20140902,90
20140901,65
20140831,52
20140830,37
20140829,37
20140828,52
20140827,55
20140826,47
20140825,44
20140824,53
20140823,40
20140822,64
20140821,98
20140820,241
20140819,154
20140818,84
20140817,34
20140816,47
20140815,36
20140814,55
20140813,58
20140812,86
20140811,63
20140810,31
20140809,66
20140808,116
20140807,90
20140806,88
20140805,39
20140804,47
20140803,22
20140802,0
20140801,72
20140731,84
20140730,62
20140729,104
20140728,90
20140727,90
20140726,106
20140725,223
20140724,266
20140723,152
20140722,89
20140721,83
20140720,61
20140719,161
20140718,126
20140717,173
20140716,348
20140715,442
20140714,76
20140713,70
20140712,77
20140711,117
20140710,133
20140709,135
20140708,99
20140707,107
20140706,74
20140705,163
20140704,113
20140703,95
20140702,44
20140701,98
20140630,81
20140629,45
20140628,82
20140627,97
20140626,73
20140625,84
20140624,119
20140623,131
20140622,83
20140621,161
20140620,193
20140619,129
20140618,113
20140617,93
20140616,134
20140615,47
20140614,30
20140613,62
20140612,236
20140611,202
20140610,91
20140609,215
20140608,44
20140607,50
20140606,98
20140605,141
20140604,195
20140603,536
20140602,115
20140601,16
20140531,25
20140530,61
20140529,51
20140528,97
20140527,153
20140526,138
20140525,105
20140524,91
20140523,124
20140522,150
20140521,130
20140520,156
20140519,176
20140518,167
20140517,129
20140516,151
20140515,139
20140514,314
20140513,541
20140512,2062
20140511,561
20140510,118
20140509,109
20140508,79
20140507,42
20140506,19
20140505,19
20140504,11
20140503,6
20140502,12
20140501,20
20140430,14
20140429,17
20140428,26
20140427,20
20140426,45
20140425,34
20140424,39
20140423,46
20140422,49
20140421,95
20140420,38
20140419,48
20140418,53
20140417,65
20140416,85
20140415,65
20140414,174
20140413,78
20140412,70
20140411,74
20140410,62
20140409,76
20140408,62
20140407,77
20140406,48
20140405,60
20140404,67
20140403,96
20140402,401
20140401,347
20140331,305
20140330,160
20140329,18
20140328,34
20140327,31
20140326,37
20140325,34
20140324,59
20140323,15
20140322,10
20140321,24
20140320,33
20140319,31
20140318,23
20140317,53
20140316,14
20140315,14
20140314,14
20140313,18
20140312,9
20140311,43
20140310,51
20140309,18
20140308,55
20140307,13
20140306,8
20140305,8
20140304,14
20140303,9
20140302,10
20140301,6
20140228,7
20140227,12
20140226,31
20140225,44
20140224,62
20140223,17
20140222,26
20140221,35
20140220,15
20140219,41
20140218,110
20140217,95
20140216,22
20140215,18
20140214,7
20140213,33
20140212,28
20140211,37
20140210,64
20140209,23
20140208,13
20140207,14
20140206,5
20140205,14
20140204,35
20140203,48
20140202,12
20140201,17
20140131,7
20140130,16
20140129,39
20140128,36
20140127,32
20140126,18
20140125,22
20140124,18
20140123,25
20140122,43
20140121,40
20140120,44
20140119,14
20140118,14
20140117,21
20140116,48
20140115,69
20140114,53
20140113,53
20140112,42
20140111,51
20140110,30
20140109,42
20140108,19
20140107,41
20140106,47
20140105,12
20140104,26
20140103,35
20140102,49
20140101,29
20131231,42
20131230,48
20131229,19
20131228,37
20131227,26
20131226,17
20131225,30
20131224,51
20131223,50
20131222,21
20131221,17
20131220,21
20131219,21
20131218,21
20131217,33
20131216,44
20131215,34
20131214,29
20131213,56
20131212,40
20131211,52
20131210,59
20131209,48
20131208,57
20131207,61
20131206,46
20131205,39
20131204,28
20131203,41
20131202,36
20131201,28
20131130,36
20131129,40
20131128,43
20131127,41
20131126,44
20131125,61
20131124,57
20131123,61
20131122,62
20131121,64
20131120,62
20131119,83
20131118,61
20131117,57
20131116,75
20131115,83
20131114,78
20131113,128
20131112,148
20131111,236
20131110,68
20131109,43
20131108,73
20131107,62
20131106,57
20131105,40
20131104,51
20131103,54
20131102,32
20131101,129
20131031,65
20131030,77
20131029,88
20131028,61
20131027,51
20131026,52
20131025,75
20131024,66
20131023,51
20131022,79
20131021,81
20131020,72
20131019,62
20131018,72
20131017,97
20131016,99
20131015,98
20131014,146
20131013,134
20131012,231
20131011,290
20131010,600
20131009,1163
20131008,3093
20131007,513
20131006,92
20131005,49
20131004,30
20131003,42
20131002,31
20131001,45
20130930,66
20130929,46
20130928,45
20130927,58
20130926,87
20130925,110
20130924,93
20130923,156
20130922,180
20130921,109
20130920,85
20130919,69
20130918,82
20130917,141
20130916,94
20130915,129
20130914,94
20130913,126
20130912,88
20130911,85
20130910,78
20130909,94
20130908,86
20130907,87
20130906,105
20130905,105
20130904,121
20130903,122
20130902,163
20130901,191
20130831,488
20130830,236
20130829,108
20130828,118
20130827,152
20130826,164
20130825,106
20130824,189
20130823,171
20130822,246
20130821,244
20130820,301
20130819,578
20130818,410
20130817,381
20130816,442
20130815,157
20130814,110
20130813,71
20130812,94
20130811,98
20130810,82
20130809,68
20130808,98
20130807,157
20130806,135
20130805,109
20130804,71
20130803,112
20130802,125
20130801,187
20130731,154
20130730,167
20130729,183
20130728,142
20130727,181
20130726,300
20130725,192
20130724,196
20130723,276
20130722,475
20130721,313
20130720,522
20130719,905
20130718,216
20130717,242
20130716,284
20130715,319
20130714,227
20130713,671
20130712,289
20130711,246
20130710,455
20130709,541
20130708,242
20130707,243
20130706,173
20130705,203
20130704,194
20130703,179
20130702,219
20130701,244
20130630,259
20130629,95
20130628,148
20130627,150
20130626,141
20130625,330
20130624,184
20130623,60
20130622,63
20130621,99
20130620,113
20130619,75
20130618,55
20130617,39
20130616,46
20130615,38
20130614,64
20130613,60
20130612,72
20130611,93
20130610,260
20130609,296
20130608,156
20130607,164
20130606,98
20130605,79
20130604,72
20130603,65
20130602,33
20130601,40
20130531,69
20130530,157
20130529,102
20130528,108
20130527,165
20130526,153
20130525,156
20130524,127
20130523,203
20130522,203
20130521,216
20130520,149
20130519,158
20130518,151
20130517,306
20130516,529
20130515,173
20130514,213
20130513,63
20130512,50
20130511,56
20130510,200
20130509,376
20130508,664
20130507,199
20130506,45
20130505,43
20130504,62
20130503,64
20130502,70
20130501,80
20130430,359
20130429,95
20130428,42
20130427,53
20130426,40
20130425,53
20130424,41
20130423,38
20130422,52
20130421,52
20130420,99
20130419,60
20130418,107
20130417,52
20130416,37
20130415,30
20130414,31
20130413,35
20130412,44
20130411,20
20130410,18
20130409,28
20130408,44
20130407,24
20130406,32
20130405,78
20130404,27
20130403,39
20130402,65
20130401,38
20130331,16
20130330,42
20130329,18
20130328,88
20130327,41
20130326,93
20130325,46
20130324,44
20130323,46
20130322,16
20130321,22
20130320,17
20130319,23
20130318,8
20130317,12
20130316,15
20130315,8
20130314,16
20130313,25
20130312,19
20130311,9
20130310,7
20130309,11
20130308,7
20130307,8
20130306,25
20130305,7
20130304,8
20130303,6
20130302,12
20130301,13
20130228,11
20130227,8
20130226,13
20130225,12
20130224,4
20130223,2
20130222,7
20130221,14
20130220,9
20130219,2
20130218,6
20130217,1
20130216,1
20130215,1
20130214,3
20130213,2
20130212,5
20130211,3
20130210,1
20130209,0
20130208,4
20130207,17
20130206,0
20130205,9
20130204,7
20130203,5
20130202,0
20130201,6
20130131,17
20130130,6
20130129,8
20130128,12
20130127,10
20130126,9
20130125,17
20130124,10
20130123,13
20130122,16
20130121,15
20130120,11
20130119,16
20130118,9
20130117,22
20130116,11
20130115,11
20130114,14
20130113,16
20130112,10
20130111,9
20130110,14
20130109,7
20130108,15
20130107,9
20130106,21
20130105,31
20130104,10
20130103,9
20130102,8
20130101,6
20121231,15
20121230,7
20121229,10
20121228,9
20121227,17
20121226,28
20121225,10
20121224,11
20121223,2
20121222,3
20121221,11
20121220,75
20121219,10
20121218,15
20121217,14
20121216,11
20121215,21
20121214,9
20121213,13
20121212,14
20121211,10
20121210,6
20121209,10
20121208,9
20121207,11
20121206,9
20121205,7
20121204,5
20121203,8
20121202,10
20121201,17
20121130,24
20121129,7
20121128,13
20121127,11
20121126,10
20121125,8
20121124,26
20121123,12
20121122,19
20121121,8
20121120,14
20121119,11
20121118,8
20121117,8
20121116,15
20121115,5
20121114,10
20121113,10
20121112,10
20121111,3
20121110,7
20121109,12
20121108,11
20121107,18
20121106,16
20121105,20
20121104,22
20121103,46
20121102,177
20121101,20
20121031,34
20121030,89
20121029,198
20121028,12
20121027,9
20121026,10
20121025,4
20121024,9
20121023,7
20121022,14
20121021,13
20121020,8
20121019,11
20121018,15
20121017,11
20121016,10
20121015,19
20121014,18
20121013,10
20121012,13
20121011,7
20121010,13
20121009,15
20121008,7
20121007,5
20121006,8
20121005,3
20121004,2
20121003,8
20121002,6
20121001,5
20120930,9
20120929,9
20120928,20
20120927,30
20120926,12
20120925,27
20120924,96
20120923,24
20120922,10
20120921,23
20120920,10
20120919,16
20120918,27
20120917,10
20120916,28
20120915,28
20120914,72
20120913,74
20120912,36
20120911,70
20120910,59
20120909,32
20120908,34
20120907,41
20120906,28
20120905,16
20120904,32
20120903,32
20120902,78
20120901,71
20120831,101
20120830,111
20120829,124
20120828,67
20120827,36
20120826,119
20120825,40
20120824,35
20120823,74
20120822,383
20120821,204
20120820,132
20120819,36
20120818,70
20120817,77
20120816,86
20120815,47
20120814,64
20120813,103
20120812,75
20120811,135
20120810,305
20120809,269
20120808,388
20120807,174
20120806,297
20120805,334
20120804,200
20120803,148
20120802,165
20120801,177
20120731,370
20120730,393
20120729,191
20120728,258
20120727,637
20120726,824
20120725,830
20120724,3093
20120723,2062
20120722,4124
20120721,903
20120720,69
20120719,33
20120718,67
20120717,158
20120716,73
20120715,82
20120714,111
20120713,77
20120712,58
20120711,220
20120710,265
20120709,133
20120708,59
20120707,50
20120706,87
20120705,125
20120704,104
20120703,72
20120702,72
20120701,24
20120630,18
20120629,77
20120628,85
20120627,146
20120626,139
20120625,123
20120624,109
20120623,58
20120622,57
20120621,49
20120620,38
20120619,59
20120618,177
20120617,53
20120616,33
20120615,42
20120614,34
20120613,32
20120612,42
20120611,0
20120610,72
20120609,68
20120608,154
20120607,17
20120606,21
20120605,17
20120604,20
20120603,24
20120602,31
20120601,18
20120531,39
20120530,485
20120529,122
20120528,37
20120527,9
20120526,13
20120525,34
20120524,37
20120523,39
20120522,26
20120521,34
20120520,13
20120519,33
20120518,25
20120517,28
20120516,24
20120515,180
20120514,372
20120513,780
20120512,261
20120511,33
20120510,64
20120509,30
20120508,51
20120507,32
20120506,15
20120505,50
20120504,31
20120503,33
20120502,27
20120501,78
20120430,57
20120429,31
20120428,23
20120427,38
20120426,15
20120425,34
20120424,81
20120424,81
20120423,19
20120422,10
20120421,51
20120420,132
20120419,85
20120418,30
20120417,14
20120416,10
20120415,23
20120414,8
20120413,43
20120412,20
20120411,9
20120410,10
20120409,6
20120408,11
20120407,17
20120406,13
20120405,38
20120404,0
20120403,0
20120402,4
20120401,4
20120331,3
20120330,2
20120329,4
20120328,3
20120327,9
20120326,9
20120325,0
20120324,1
20120323,12
20120322,13
20120321,9
20120320,3
20120319,10
20120318,3
20120317,4
20120316,1
20120315,7
20120314,3
20120313,7
20120312,10
20120311,1
20120310,7
20120309,13
20120308,9
20120307,17
20120306,9
20120305,22
20120304,21
20120303,21
20120302,77
20120301,97
20120229,9
20120228,6
20120227,11
20120226,1
20120225,4
20120224,5
20120223,10
20120222,8
20120221,5
20120220,0
20120219,1
20120218,0
20120217,2
20120216,0
20120215,3
20120214,3
20120213,5
20120212,2
20120211,0
20120210,1
20120209,1
20120208,4
20120207,10
20120206,7
20120205,2
20120204,6
20120203,6
20120202,7
20120201,2
20120131,2
20120130,1
20120129,1
20120128,0
20120127,0
20120126,4
20120125,3
20120124,2
20120123,0
20120122,0
20120121,2
20120120,1
20120119,3
20120118,3
20120117,2
20120116,2
20120115,0
20120114,1
20120113,1
20120112,0
20120111,1
20120110,1
20120109,1
20120108,4
20120107,1
20120106,3
20120105,2
20120104,5
20120103,2
20120102,2
20120101,4
20111231,3
20111230,5
20111229,3
20111228,5
20111227,5
20111226,1
20111225,0
20111224,3
20111223,4
20111222,3
20111221,4
20111220,1
20111219,0
20111218,3
20111217,3
20111216,2
20111215,1
20111214,7
20111213,1
20111212,13
20111211,18
20111210,6
20111209,18
20111208,19
20111207,15
20111206,15
20111205,6
20111204,8
20111203,20
20111202,14
20111201,16
20111130,12
20111129,13
20111128,4
20111127,4
20111126,13
20111125,14
20111124,3
20111123,11
20111122,13
20111121,10
20111120,12
20111119,15
20111118,47
20111117,23
20111116,17
20111115,13
20111114,7
20111113,19
20111112,12
20111111,18
20111110,31
20111109,28
20111108,24
20111107,11
20111106,11
20111105,18
20111104,22
20111103,15
20111102,16
20111101,26
20111031,5
20111030,6
20111029,8
20111028,10
20111027,12
20111026,13
20111025,42
20111024,8
20111023,15
20111022,31
20111021,29
20111020,34
20111019,49
20111018,38
20111017,53
20111016,46
20111015,147
20111014,219
20111013,122
20111012,53
20111011,47
20111010,85
20111009,65
20111008,83
20111007,136
20111006,123
20111005,78
20111004,28
20111003,71
20111002,150
20111001,402
20110930,1106
20110929,80
20110928,18
20110927,22
20110926,11
20110925,21
20110924,7
20110923,20
20110922,25
20110921,61
20110920,45
20110919,46
20110918,41
20110917,36
20110916,65
20110915,28
20110914,36
20110913,25
20110912,44
20110911,49
20110910,24
20110909,50
20110908,35
20110907,40
20110906,49
20110905,36
20110904,51
20110903,60
20110902,130
20110901,169
20110831,98
20110830,64
20110829,20
20110828,86
20110827,76
20110826,88
20110825,81
20110824,63
20110823,46
20110822,88
20110821,55
20110820,46
20110819,67
20110818,45
20110817,76
20110816,65
20110815,122
20110814,106
20110813,85
20110812,149
20110811,77
20110810,91
20110809,102
20110808,96
20110807,85
20110806,73
20110805,135
20110804,134
20110803,81
20110802,103
20110801,99
20110731,124
20110730,261
20110729,303
20110728,205
20110727,304
20110726,272
20110725,231
20110724,401
20110723,428
20110722,142
20110721,168
20110720,307
20110719,4124
20110718,1111
20110717,235
20110716,155
20110715,97
20110714,199
20110713,186
20110712,581
20110711,186
20110710,74
20110709,95
20110708,99
20110707,78
20110706,143
20110705,311
20110704,1123
20110703,336
20110702,151
20110701,160
20110630,212
20110629,424
20110628,508
20110627,223
20110626,249
20110625,443
20110624,988
20110623,683
20110622,623
20110621,177
20110620,234
20110619,235
20110618,303
20110617,159
20110616,101
20110615,252
20110614,116
20110613,68
20110612,79
20110611,110
20110610,134
20110609,53
20110608,35
20110607,77
20110606,73
20110605,24
20110604,10
20110603,4
20110602,4
20110601,10
20110531,5
20110530,5
20110529,0
20110528,2
20110527,7
20110526,4
20110525,9
20110524,10
20110523,19
20110522,34
20110521,5
20110520,0
20110519,3
20110518,2
20110517,8
20110516,13
20110515,5
20110514,27
20110513,24
20110512,25
20110511,12
20110510,12
20110509,23
20110508,79
20110507,14
20110506,8
20110505,0
20110504,8
20110503,16
20110502,9
20110501,14
20110430,0
20110429,4
20110428,7
20110427,4
20110426,2
20110425,3
20110424,2
20110423,3
20110422,3
20110421,5
20110420,4
20110419,3
20110418,3
20110417,21
20110416,1
20110415,2
20110414,3
20110413,0
20110412,2
20110411,1
20110410,0
20110409,3
20110408,2
20110407,0
20110406,4
20110405,1
20110404,0
20110403,1
20110402,0
20110401,1
20110331,0
20110330,4
20110329,0
20110328,1
20110327,2
20110326,1
20110325,1
20110324,4
20110323,6
20110322,2
20110321,3
20110320,3
20110319,0
20110318,4
20110317,5
20110316,1
20110315,4
20110314,6
20110313,6
20110312,6
20110311,3
20110310,6
20110309,10
20110308,2
20110307,8
20110306,2
20110305,0
20110304,3
20110303,5
20110302,4
20110301,0
20110228,3
20110227,0
20110226,4
20110225,0
20110224,0
20110223,3
20110222,2
20110221,3
20110220,0
20110219,0
20110218,1
20110217,1
20110216,1
20110215,2
20110214,2
20110213,4
20110212,3
20110211,0
20110210,2
20110209,1
20110208,0
20110207,0
20110206,0
20110205,0
20110204,0
20110203,0
20110202,0
20110201,0
20110131,3
20110130,0
20110129,1
20110128,0
20110127,1
20110126,0
20110125,0
20110124,2
20110123,1
20110122,1
20110121,0
20110120,1
20110119,3
20110118,0
20110117,1
20110116,0
20110115,0
20110114,2
20110113,1
20110112,1
20110111,1
20110110,0
20110109,0
20110108,2
20110107,0
20110106,2
20110105,1
20110104,0
20110103,1
20110102,2
20110101,0
20101231,0
20101230,1
20101229,0
20101228,1
20101227,0
20101226,0
20101225,0
20101224,0
20101223,0
20101222,1
20101221,1
20101220,0
20101219,0
20101218,1
20101217,0
20101216,2
20101215,2
20101214,2
20101213,2
20101212,1
20101211,0
20101210,4
20101209,0
20101208,1
20101207,0
20101206,0
20101205,1
20101204,0
20101203,1
20101202,0
20101201,3
20101130,1
20101129,0
20101128,0
20101127,0
20101126,7
20101125,3
20101124,0
20101123,0
20101122,1
20101121,2
20101120,0
20101119,0
20101118,2
20101117,2
20101116,3
20101115,1
20101114,2
20101113,1
20101112,6
20101111,1
20101110,4
20101109,1
20101108,1
20101107,0
20101106,0
20101105,0
20101104,0
20101103,4
20101102,1
20101101,3
20101031,0
20101030,1
20101029,1
20101028,1
20101027,4
20101026,2
20101025,6
20101024,2
20101023,9
20101022,4
20101021,6
20101020,9
20101019,41
20101018,105
20101017,113
20101016,36
20101015,4
20101014,0
20101013,0
20101012,0
20101011,7
20101010,3
20101009,14
20101008,25
20101007,42
20101006,20
20101005,4
20101004,4
20101003,1
20101002,0
20101001,1
20100930,1
20100929,0
20100928,1
20100927,5
20100926,1
20100925,2
20100924,7
20100923,10
20100922,1
20100921,20
20100920,0
20100919,0
20100918,2
20100917,4
20100916,0
20100915,4
20100914,7
20100913,10
20100912,15
20100911,10
20100910,16
20100909,19
20100908,11
20100907,10
20100906,9
20100905,8
20100904,31
20100903,19
20100902,9
20100901,12
20100831,4
20100830,11
20100829,4
20100828,2
20100827,3
20100826,7
20100825,12
20100824,9
20100823,12
20100822,20
20100821,41
20100820,25
20100819,43
20100818,12
20100817,8
20100816,17
20100815,6
20100814,9
20100813,17
20100812,13
20100811,10
20100810,12
20100809,16
20100808,14
20100807,4
20100806,27
20100805,20
20100804,14
20100803,3
20100802,8
20100801,5
20100731,7
20100730,10
20100729,29
20100728,35
20100727,24
20100726,28
20100725,31
20100724,35
20100723,66
20100722,71
20100721,99
20100720,40
20100719,105
20100718,68
20100717,31
20100716,47
20100715,78
20100714,108
20100713,81
20100712,41
20100711,12
20100710,7
20100709,12
20100708,5
20100707,5
20100706,2
20100705,5
20100704,4
20100703,3
20100702,18
20100701,15
20100630,12
20100629,20
20100628,17
20100627,16
20100626,19
20100625,19
20100624,27
20100623,22
20100622,37
20100621,28
20100620,30
20100619,59
20100618,46
20100617,11
20100616,22
20100615,53
20100614,4
20100613,11
20100612,5
20100611,26
20100610,41
20100609,20
20100608,1
20100607,4
20100606,5
20100605,3
20100604,8
20100603,7
20100602,11
20100601,6
20100531,3
20100530,5
20100529,35
20100528,11
20100527,7
20100526,4
20100525,3
20100524,7
20100523,11
20100522,13
20100521,11
20100520,10
20100519,33
20100518,13
20100517,43
20100516,31
20100515,93
20100514,99
20100513,11
20100512,70
20100511,78
20100510,17
20100509,10
20100508,70
20100507,3
20100506,3
20100505,1
20100504,1
20100503,1
20100502,0
20100501,0
20100430,0
20100429,12
20100428,0
20100427,1
20100426,10
20100425,4
20100424,1
20100423,6
20100422,22
20100421,1
20100420,7
20100419,0
20100418,1
20100417,0
20100416,0
20100415,2
20100414,4
20100413,1
20100412,2
20100411,2
20100410,1
20100409,0
20100408,2
20100407,4
20100406,6
20100405,0
20100404,0
20100403,0
20100402,0
20100401,0
20100331,0
20100330,1
20100329,0
20100328,0
20100327,0
20100326,0
20100325,2
20100324,0
20100323,0
20100322,0
20100321,0
20100320,0
20100319,0
20100318,0
20100317,2
20100316,0
20100315,0
20100314,1
20100313,1
20100312,1
20100311,0
20100310,0
20100309,1
20100308,0
20100307,0
20100306,0
20100305,0
20100304,0
20100303,0
20100302,0
20100301,0
20100228,0
20100227,0
20100226,0
20100225,0
20100224,0
20100223,0
20100222,1
20100221,0
20100220,0
20100219,0
20100218,1
